13421377112
13631661829
13903024518
13903024518
13510089035
18665901408
13410782741
18666565283
13006666995
17727805235
15999509937
13825250004
18675566916
13826511104
13808805779
13682502646
13590271311
15889319393
15697838388
18589029599
15217971125
13538271207
13537521515
13826528606
18998931000
15815550907
13728799025
17076675578
13510164484
15210008628
13421377112
13760464252
18689483401
13923865151
13823382918
13510092931
13500067070
13510092931
13480615625
13632756857
13713870061
13903024518
15875526094
13923897879
13682502646
18666296506
13632703100
13510263207
18675510968
15986842244
13823500156
13332999001
13682353861
13510220690
18218027277
13632515992
13510729346
18675597545
18682045990
13691668503
13128805650
13670216728
13316881738
18929321292
18118786181
13590445460
13332986232
13714092235
13902001003
13714002459
13713560959
15602934810
13825266506
18002500052
18565696368
13823777005
13537868310
